[0.30000000000000004, -0.0]
[0.30000000000000004, -0.0]
[0.30000000000000004, -0.0]
[0.30000000000000004, -0.0]
[0.30000000000000004, -0.0]
[0.30000000000000004, -0.0]
[0.30000000000000004, -0.0]
[0.30000000000000004, -0.0]
[0.30000000000000004, -0.0]
[0.30000000000000004, -0.0]
[0.30000000000000004, -0.0]
[0.6360849356050937, 0.0]
[0.9636589789360945, 0.0]
[1.0, 0.0]
[1.0, 0.0]
[1.0, 0.0]
[1.0, 0.0]
[1.0, 0.0]
[1.0, 0.0]
[1.0, 0.0]
[1.0, 0.0]
[1.0, 0.0]
[1.0, 0.0]
[1.0, 0.0]
[1.0, 0.0]
[1.0, 0.0]
[1.0, 0.0]
[1.0, 0.0]
[1.0, 0.0]
[1.0, 0.0]
[1.0, 0.0]
[1.0, 0.0]
[1.0, 0.0]
[1.0, 0.0]
[1.0, 0.0]
[1.0, 0.0]
[1.0, 0.0]
[1.0, 0.0]
[1.0, 0.0]
[1.0, 0.0]
[1.0, 0.0]
[1.0, 0.0]
[1.0, 0.0]
[1.0, 0.0]
[1.0, 0.0]
[1.0, 0.0]
[1.0, 0.4152730099102492]
[1.0, 0.7880923494476428]
[1.0, 0.7880923494476428]
[1.0, 0.7880923494476428]
[1.0, 0.7880923494476428]
[1.0, 0.7880923494476428]
[1.0, 0.7880923494476428]
[1.0, 0.7880923494476428]
[1.0, 0.7880923494476428]
[1.0, 0.7880923494476428]
[1.0, 0.7880923494476428]
[1.0, 0.7880923494476428]
[1.0, 0.7880923494476428]
[1.0, 0.7880923494476428]
[1.0, 0.7880923494476428]
[1.0, 0.7880923494476428]
[1.0, 0.7880923494476428]
[1.0, 0.7880923494476428]
[1.0, 0.7880923494476428]
[1.0, 0.7880923494476428]
[1.0, 0.7880923494476428]
[1.0, 0.7880923494476428]
[1.0, 0.7880923494476428]
[1.0, 0.7880923494476428]
[1.0, 0.7880923494476428]
[1.0, 0.7880923494476428]
[1.0, 0.7880923494476428]
[1.0, 0.7880923494476428]
[1.0, 0.7880923494476428]
[1.0, 0.7880923494476428]
[1.0, 0.7880923494476428]
[1.0, 0.7880923494476428]
[1.0, 0.7880923494476428]
[1.0, 0.7880923494476428]
[1.0, 0.7880923494476428]
[1.0, 0.7880923494476428]
[1.0, 0.7880923494476428]
[1.0, 0.7880923494476428]
[1.0, 0.7880923494476428]
[1.0, 0.7880923494476428]
[1.0, 0.7880923494476428]
[1.0, 0.7880923494476428]
[1.0, 0.7880923494476428]
[1.0, 0.7880923494476428]
[1.0, 0.7880923494476428]
[1.0, 0.7880923494476428]
[1.0, 0.7880923494476428]
[1.0, 0.7880923494476428]
[1.0, 0.7880923494476428]
[1.0, 0.7880923494476428]
[1.0, 0.7880923494476428]
[1.0, 0.7880923494476428]
[1.0, 0.7880923494476428]
[1.0, 0.7880923494476428]
[1.0, 0.7880923494476428]
[1.0, 0.7880923494476428]
[1.0, 0.7880923494476428]
[1.0, 0.7880923494476428]
[1.0, 0.7880923494476428]
[1.0, 0.7880923494476428]
[1.0, 0.7880923494476428]
[1.0, 0.7880923494476428]
[1.0, 0.7880923494476428]
[1.0, 0.7880923494476428]
[1.0, 0.7880923494476428]
[1.0, 0.7880923494476428]
[1.0, 0.7880923494476428]
[1.0, 0.7880923494476428]
[1.0, 0.7880923494476428]
[1.0, 0.7880923494476428]
[1.0, 0.7880923494476428]
[1.0, 0.7880923494476428]
[1.0, 0.7880923494476428]
[1.0, 0.7880923494476428]
[1.0, 0.7880923494476428]
[1.0, 0.7880923494476428]
[1.0, 0.7880923494476428]
[1.0, 0.7880923494476428]
[1.0, 0.7880923494476428]
[1.0, 0.7880923494476428]
[1.0, 0.7880923494476428]
[1.0, 0.7880923494476428]
[1.0, 0.7880923494476428]
[1.0, 0.7880923494476428]
[1.0, 0.7880923494476428]
[1.0, 0.7880923494476428]
[1.0, 0.7880923494476428]
[1.0, 0.7880923494476428]
[1.0, 0.7880923494476428]
[1.0, 0.7880923494476428]
[1.0, 0.7880923494476428]
[1.0, 0.7880923494476428]
[1.0, 0.7880923494476428]
[1.0, 0.7880923494476428]
[1.0, 0.7880923494476428]
[1.0, 0.1624120381337989]
[1.0, 0.0]
[1.0, 0.0]
[1.0, 0.0]
[1.0, 0.0]
[1.0, 0.0]
[1.0, 0.0]
[1.0, 0.0]
[1.0, 0.0]
[1.0, 0.0]
[1.0, 0.0]
[1.0, 0.0]
[1.0, 0.0]
[1.0, 0.0]
[1.0, 0.0]
[1.0, 0.0]
[1.0, 0.0]
[1.0, 0.0]
[1.0, 0.0]
[1.0, 0.0]
[1.0, 0.0]
[1.0, 0.0]
[1.0, 0.0]
[1.0, 0.0]
[1.0, 0.0]
[1.0, -0.27569190788425385]
[1.0, -0.7880923494476428]
[1.0, -0.7880923494476428]
[1.0, -0.7880923494476428]
[1.0, -0.7880923494476428]
[1.0, -0.7880923494476428]
[1.0, -0.7880923494476428]
[1.0, -0.7880923494476428]
[1.0, -0.7880923494476428]
[1.0, -0.7880923494476428]
[1.0, -0.7880923494476428]
[1.0, -0.7880923494476428]
[1.0, -0.7880923494476428]
[1.0, -0.7880923494476428]
[1.0, -0.7880923494476428]
[1.0, -0.7880923494476428]
[1.0, -0.7880923494476428]
[1.0, -0.7880923494476428]
[1.0, -0.7880923494476428]
[1.0, -0.7880923494476428]
[1.0, -0.43261675685724077]
[1.0, 0.0]
[1.0, 0.0]
[1.0, 0.0]
[1.0, 0.0]
[1.0, 0.0]
[1.0, 0.0]
[1.0, 0.0]
[1.0, 0.0]
[1.0, 0.0]
[1.0, 0.0]
[1.0, 0.0]
[1.0, 0.0]
[0.9600369225663166, 0.0]
[0.5137236571882844, 0.0]
[0.09282914871263676, 0.0]
[0.0, 0.0]
[0.0, 0.0]
[0.0, 0.0]
[0.0, 0.0]
[0.0, 0.0]
[0.0, 0.0]
[0.0, 0.0]
[0.0, 0.0]
[0.0, 0.0]
[0.0, 0.0]
[0.0, 0.0]
[0.0, 0.0]
[0.0, 0.0]
[0.0, 0.0]
[0.0, 0.0]
[0.0, 0.0]
[0.0, 0.0]
[0.0, 0.0]
[0.0, 0.0]
[0.0, 0.0]
[0.0, 0.0]
[0.0, 0.0]
[0.0, 0.0]
[0.0, 0.0]
[0.0, 0.0]
[0.0, 0.0]
[0.0, 0.0]
[0.0, 0.0]
[0.0, 0.0]
[0.0, 0.0]
[0.0, 0.0]
[0.0, 0.0]
[0.0, 0.0]
[0.0, 0.0]
[0.0, 0.0]
[0.0, 0.0]
[0.0, 0.0]
[0.0, 0.0]
[0.0, 0.0]
[0.0, 0.0]
[0.0, 0.0]
[0.0, 0.0]
[0.0, 0.0]
[0.0, 0.0]
[0.0, 0.0]
[0.0, 0.0]
[0.0, 0.0]
[0.0, 0.0]
[0.0, 0.0]
[0.0, 0.0]
[0.0, 0.0]
[0.0, 0.0]
[0.0, 0.0]
[0.0, 0.0]
[0.0, 0.0]
[0.0, 0.0]
[0.0, 0.0]
[0.0, 0.0]
[0.0, 0.0]
